3
7
15
16
17
19
20
21
22
24
26
28
30
37
41
43
47
49
51
53
54
55
56
58
59
60
61
62
66
67
68
69
72
76
82
83
85
87
90
92
95
96
98
99
105
108
111
112
113
116
117
119
121
123
124
125
131
133
135
139
141
143
145
148
151
153
157
159
161
162
165
166
168
170
172
173
174
176
177
178
179
182
183
185
188
190
192
196
199
200
202
203
204
205
206
209
210
211
213
215
216
217
219
220
221
225
226
227
229
234
238
240
242
245
246
247
248
251
252
253
254
255
257
258
259
261
262
264
266
267
268
269
270
273
275
279
280
282
283
285
286
288
291
293
295
296
297
299
300
301
303
305
306
308
309
312
315
316
319
320
321
325
326
329
330
334
337
338
344
345
346
348
349
351
353
354
357
359
364
368
369
373
374
382
383
386
390
393
398
399
402
404
406
408
410
411
413
414
417
418
419
422
423
424
425
426
428
429
430
431
432
434
436
439
440
443
445
449
451
452
453
455
456
457
459
460
461
462
463
465
466
468
469
471
472
473
475
476
477
480
482
483
484
487
491
492
493
498
499
500
501
502
505
506
507
508
509
511
513
514
518
521
525
526
530
531
532
533
534
535
536
540
541
544
545
546
547
549
550
551
552
556
557
558
559
561
565
569
570
571
576
577
581
583
584
585
587
588
589
592
593
595
596
600
601
602
605
606
607
609
612
613
615
617
618
619
620
621
622
626
627
630
633
634
635
636
638
641
643
645
646
647
649
650
651
653
661
662
664
667
668
669
670
672
673
675
676
678
681
682
683
684
687
688
695
696
699
700
701
702
704
705
710
712
715
716
718
720
721
722
723
725
729
730
731
732
736
738
741
747
749
750
756
757
759
760
762
763
765
769
770
771
776
778
779
782
787
788
790
793
795
797
798
799
800
803
805
806
808
812
813
815
819
820
821
824
829
830
832
834
835
836
837
839
842
844
845
849
850
852
854
856
858
860
861
863
864
865
867
868
869
870
872
874
875
876
877
878
879
881
882
883
884
888
890
897
900
901
902
903
905
906
908
910
912
914
917
919
922
923
925
929
930
932
933
934
936
938
939
940
941
942
944
945
947
948
949
952
954
955
956
959
960
961
963
965
966
969
970
971
973
976
978
983
984
991
992
994
996
998
999
1000
1001
1002
1003
1004
1007
1008
1009
1013
1014
1015
1017
1018
1019
1020
1021
1022
1025
1026
1031
1033
1036
1037
1038
1042
1043
1045
1048
1050
1053
1054
1055
1057
1060
1061
1062
1063
1064
1065
1068
1069
1071
1072
1073
1079
1081
1083
1088
1089
1090
1091
1092
1094
1095
1096
1097
1098
1108
1109
1110
1111
1112
1114
1117
1120
1121
1122
1125
1129
1130
1131
1133
1134
1137
1141
1143
1144
1145
1146
1149
1154
1156
1157
1162
1163
1165
1168
1170
1171
1177
1178
1179
1180
1183
1185
1187
1190
1191
1193
1194
1196
1199
1201
1202
1203
1204
1205
1208
1210
1211
1214
1215
1218
1222
1223
1230
1231
1232
1234
1237
1240
1243
1244
1247
1249
1252
1254
1256
1257
1259
1260
1261
1266
1268
1271
1276
1279
1280
1281
1282
1283
1284
1285
1286
1288
1290
1291
1292
1293
1297
1298
1300
1302
1304
1305
1307
1309
1310
1311
1312
1313
1314
1315
1318
1319
1320
1322
1323
1328
1329
1330
1331
1333
1334
1341
1345
1346
1347
1348
1349
1350
1355
1356
1358
1362
1363
1365
1366
1368
1369
1372
1375
1378
1379
1380
1382
1383
1386
1392
1393
1396
1402
1405
1406
1407
1408
1410
1411
1413
1414
1415
1416
1418
1419
1421
1424
1425
1426
1430
1432
1433
1434
1439
1440
1444
1445
1447
1448
1449
1456
1458
1459
1461
1462
1464
1465
1466
1469
1470
1477
1478
1479
1480
1481
1482
1483
1485
1488
1491
1493
1494
1498
1508
1512
1515
1516
1517
1518
1519
1521
1524
1526
1527
1528
1529
1531
1532
1535
1537
1538
1540
1541
1543
1545
1546
1547
1549
1550
1554
1555
1557
1558
1559
1561
1564
1565
1566
1568
1570
1572
1575
1576
1577
1578
1586
1593
1594
1596
1599
1600
1601
1605
1607
1610
1611
1616
1618
1619
1621
1622
1624
1629
1630
1631
1632
1633
1637
1638
1643
1645
1647
1649
1652
1654
1656
1658
1659
1660
1662
1663
1666
1670
1674
1677
1678
1679
1685
1690
1694
1695
1697
1699
1701
1702
1703
1707
1708
1709
1712
1715
1716
1717
1722
1724
1728
1731
1733
1734
1735
1737
1739
1740
1742
1743
1744
1746
1748
1749
1751
1756
1757
1761
1764
1767
1768
1769
1772
1776
1780
1781
1783
1784
1787
1788
1789
1790
1793
1795
1798
1799
1801
1803
1808
1812
1817
1819
1822
1827
1828
1831
1833
1835
1837
1838
1839
1841
1843
1845
1846
1848
1850
1852
1853
1856
1858
1859
1860
1864
1866
1868
1870
1872
1874
1877
1878
1882
1885
1886
1887
1888
1890
1891
1892
1893
1896
1897
1899
1900
1903
1906
1909
1910
1911
1913
1916
1918
1920
1923
1924
1926
1927
1931
1932
1935
1936
1937
1938
1939
1940
1942
1943
1949
1951
1955
1956
1957
1959
1960
1961
1962
1963
1964
1966
1967
1971
1976
1977
1978
1979
1980
1982
1985
1986
1987
1989
1990
1991
1992
1994
1997
1999
2000
2002
2005
2007
2008
2012
2013
2016
2018
2021
2022
2025
2028
2029
2031
2032
2034
2036
2037
2038
2040
2043
2044
2045
2047
2049
2050
2052
2055
2056
2058
2059
2063
2068
2075
2076
2077
2078
2079
2080
2082
2083
2085
2086
2087
2089
2090
2091
2092
2095
2096
2101
2103
2105
2106
2111
2113
2114
2115
2116
2117
2119
2120
2123
2125
2126
2127
2129
2131
2132
2133
2134
2135
2136
2137
2138
2140
2142
2145
2146
2147
2148
2149
2150
2151
2155
2157
2158
2161
2162
2164
2166
2167
2168
2169
2170
2171
2172
2176
2177
2178
2180
2181
2182
2184
2185
2189
2193
2194
2195
2200
2202
2203
2204
2205
2208
2211
2214
2217
2220
2222
2223
2225
2226
2228
2229
2230
2233
2234
2235
2236
2237
2239
2240
2242
2243
2244
2245
2246
2247
2252
2253
2254
2255
2257
2258
2259
2260
2263
2264
2265
2268
2269
2271
2274
2275
2280
2281
2282
2283
2290
2292
2294
2296
2298
2299
2300
2302
2303
2308
2313
2316
2318
2321
2322
2324
2326
2327
2328
2329
2330
2332
2336
2337
2343
2345
2347
2349
2350
2351
2353
2354
2355
2359
2360
2361
2364
2366
2367
2372
2374
2376
2377
2378
2379
2381
2384
2386
2388
2389
2391
2392
2393
2395
2396
2398
2400
2402
2405
2411
2417
2419
2421
2422
2423
2424
2425
2433
2434
2435
2437
2438
2442
2445
2447
2451
2452
2453
2454
2457
2458
2459
2460
2462
2464
2465
2472
2474
2476
2478
2483
2486
2490
2491
2492
2495
2496
2501
2505
2510
2511
2512
2514
2516
2517
2518
2519
2522
2523
2524
2528
2530
2534
2535
2536
2540
2541
2542
2543
2544
2545
2549
2551
2554
2556
2560
2564
2566
2567
2569
2572
2573
2574
2575
2577
2580
2582
2583
2584
2586
2587
2588
2589
2593
2595
2597
2599
2601
2602
2606
2607
2608
2610
2612
2613
2615
2617
2618
2623
2626
2628
2631
2634
2635
2638
2640
2641
2642
2645
2646
2647
2648
2650
2651
2653
2655
2656
2658
2660
2661
2664
2665
2666
2668
2671
2674
2677
2681
2682
2686
2687
2689
2690
2691
2695
2696
2698
2699
2700
2702
2704
2705
2710
2716
2718
2721
2723
2724
2728
2731
2732
2733
2738
2739
2742
2747
2748
2750
2751
2753
2754
2756
2759
2760
2763
2765
2767
2770
2772
2774
2777
2779
2780
2782
2788
2789
2790
2792
2793
2799
2800
2801
2803
2804
2805
2808
2817
2819
2820
2821
2822
2824
2828
2830
2834
2839
2840
2841
2842
2843
2844
2846
2847
2849
2850
2852
2853
2859
2860
2861
2864
2865
2866
2867
2869
2872
2877
2881
2883
2885
2886
2887
2888
2890
2895
2900
2903
2908
2909
2911
2915
2917
2918
2924
2925
2927
2928
2930
2933
2934
2935
2936
2937
2938
2940
2943
2944
2945
2947
2948
2955
2959
2961
2963
2964
2965
2966
2967
2969
2971
2973
2977
2981
2986
2988
2991
2993
2994
3000
3001
3003
3006
3009
3011
3012
3014
3015
3017
3018
3019
3020
3021
3022
3024
3027
3028
3029
3031
3032
3035
3037
3039
3041
3042
3043
3044
3048
3049
3053
3054
3056
3057
3058
3059
3062
3063
3064
3066
3067
3072
3073
3077
3078
3079
3081
3083
3089
3093
3094
3096
3101
3103
3104
3105
3109
3110
3114
3117
3118
3123
3128
3131
3132
3133
3135
3137
3138
3139
3141
3142
3144
3145
3149
3150
3153
3156
3158
3159
3160
3161
3162
3164
3165
3167
3169
3171
3173
3174
3175
3177
3178
3179
3183
3185
3186
3187
3190
3192
3196
3197
3199
3201
3202
3203
3204
3206
3207
3210
3211
3214
3216
3217
3220
3224
3225
3226
3227
3228
3229
3230
3231
3232
3233
3235
3236
3239
3240
3248
3249
3250
3251
3253
3254
3256
3257
3260
3261
3263
3264
3268
3270
3271
3272
3273
3274
3278
3280
3281
3282
3285
3287
3288
3295
3297
3300
3301
3308
3312
3313
3314
3315
3316
3317
3319
3321
3322
3323
3325
3326
3329
3330
3332
3333
3336
3337
3338
3340
3341
3346
3347
3348
3350
3351
3352
3354
3356
3358
3363
3364
3366
3368
3370
3371
3372
3375
3377
3378
3380
3382
3385
3386
3388
3390
3391
3392
3393
3395
3396
3400
3401
3402
3405
3407
3409
3411
3413
3418
3419
3420
3421
3423
3425
3427
3430
3432
3434
3436
3438
3440
3443
3448
3454
3455
3456
3458
3460
3464
3467
3469
3471
3472
3473
3475
3477
3479
3481
3483
3484
3488
3490
3493
3494
3495
3496
3498
3500
3501
3503
3504
3507
3508
3510
3511
3514
3517
3518
3519
3520
3522
3526
3530
3534
3535
3538
3540
3541
3542
3543
3546
3549
3550
3552
3557
3558
3560
3561
3565
3568
3570
3573
3574
3575
3577
3579
3588
3589
3591
3594
3596
3598
3601
3602
3603
3604
3605
3607
3609
3610
3611
3612
3613
3615
3616
3618
3624
3625
3626
3628
3629
3633
3634
3635
3637
3638
3639
3642
3644
3646
3653
3654
3656
3659
3661
3662
3667
3668
3669
3670
3671
3674
3675
3676
3677
3680
3681
3682
3683
3689
3692
3694
3695
3696
3698
3702
3703
3704
3705
3706
3707
3708
3714
3721
3723
3725
3727
3729
3730
3733
3734
3735
3737
3739
3744
3749
3750
3751
3755
3756
3759
3760
3762
3767
3768
3769
3770
3771
3773
3775
3776
3777
3782
3783
3785
3791
3795
3796
3798
3799
3801
3804
3805
3806
3807
3811
3812
3813
3816
3818
3820
3824
3825
3827
3830
3831
3836
3840
3842
3843
3847
3848
3850
3852
3853
3854
3858
3860
3861
3867
3868
3874
3875
3877
3880
3883
3885
3886
3888
3892
3893
3895
3897
3898
3900
3901
3904
3906
3907
3908
3910
3911
3914
3917
3918
3919
3922
3925
3926
3927
3930
3932
3933
3934
3935
3936
3939
3940
3942
3943
3944
3945
3947
3950
3952
3955
3956
3957
3958
3959
3960
3961
3962
3963
3964
3965
3966
3967
3969
3972
3973
3975
3976
3980
3981
3988
3990
3991
3993
3994
3997
3998
4001
4002
4004
4005
4008
4009
4010
4013
4014
4015
4017
4019
4027
4028
4029
4030
4032
4033
4036
4039
4041
4042
4049
4050
4051
4052
4054
4058
4060
4061
4062
4064
4066
4071
4073
4078
4080
4083
4086
4089
4091
4092
4093
4094
4096
4097
4099
4101
4102
4103
4105
4106
4107
4108
4109
4110
4111
4113
4114
4116
4119
4121
4122
4123
4125
4126
4127
4130
4131
4135
4136
4138
4144
4146
4148
4149
4151
4152
4155
4156
4158
4160
4162
4167
4168
4170
4173
4180
4182
4189
4190
4191
4193
4194
4195
4197
4199
4201
4202
4207
4208
4211
4212
4213
4216
4219
4220
4222
4223
4226
4230
4232
4233
4234
4235
4236
4239
4242
4245
4246
4250
4252
4253
4254
4256
4259
4267
4268
4269
4271
4273
4274
4278
4279
4280
4281
4288
4289
4298
4301
4302
4303
4305
4308
4311
4313
4314
4316
4317
4318
4319
4320
4321
4323
4325
4326
4327
4328
4331
4336
4337
4339
4343
4344
4346
4349
4352
4353
4356
4362
4363
4366
4367
4370
4372
4373
4375
4377
4382
4383
4389
4392
4394
4397
4398
4399
4401
4405
4406
4408
4412
4413
4418
4419
4421
4422
4423
4424
4425
4427
4428
4429
4431
4432
4433
4440
4443
4444
4445
4447
4449
4450
4453
4454
4457
4458
4459
4460
4462
4463
4464
4468
4470
4471
4475
4478
4479
4482
4486
4487
4488
4491
4493
4495
4496
4498
4499
4500
4501
4502
4503
4504
4506
4507
4510
4511
4513
4514
4515
4516
4518
4519
4522
4523
4527
4533
4536
4537
4541
4546
4547
4548
4550
4551
4554
4555
4558
4560
4563
4564
4565
4566
4567
4568
4570
4572
4573
4575
4576
4580
4584
4587
4593
4594
4595
4598
4599
4600
4601
4602
4604
4605
4606
4607
4608
4610
4611
4612
4613
4615
4616
4618
4619
4620
4621
4622
4623
4624
4625
4629
4630
4631
4633
4634
4635
4636
4637
4638
4639
4646
4647
4648
4649
4652
4653
4654
4655
4656
4657
4658
4659
4661
4662
4663
4664
4665
4670
4671
4673
4674
4675
4676
4679
4682
4684
4688
4693
4695
4698
4699
4700
4701
4703
4704
4705
4706
4707
4710
4711
4712
4714
4719
4720
4721
4722
4723
4727
4728
4731
4733
4736
4737
4742
4743
4745
4747
4748
4750
4751
4753
4758
4759
4761
4762
4763
4765
4766
4773
4776
4777
4780
4781
4782
4784
4787
4789
4790
4791
4792
4793
4795
4797
4799
4800
4801
4802
4804
4810
4811
4813
4814
4817
4818
4819
4822
4823
4828
4829
4830
4831
4833
4840
4843
4844
4848
4849
4850
4855
4857
4858
4859
4865
4870
4871
4873
4875
4876
4880
4886
4887
4888
4889
4890
4892
4893
4894
4897
4899
4911
4913
4915
4916
4920
4923
4924
4925
4927
4931
4934
4935
4937
4940
4941
4942
4945
4948
4949
4951
4952
4954
4956
4959
4960
4961
4963
4964
4968
4969
4971
4972
4975
4976
4977
4978
4980
4984
4985
4987
4989
4991
4993
4995
4996
4998
5001
5003
5008
5009
5010
5013
5014
5020
5021
5022
5023
5024
5025
5027
5029
5030
5032
5037
5039
5040
5043
5044
5045
5046
5048
5049
5052
5056
5057
5058
5059
5060
5061
5062
5063
5064
5065
5067
5070
5071
5073
5074
5075
5076
5078
5079
5080
5081
5084
5085
5086
5087
5092
5098
5100
5101
5102
5107
5108
5110
5111
5112
5113
5118
5119
5121
5123
5125
5129
5130
5132
5133
5135
5137
5141
5143
5146
5149
5153
5154
5155
5157
5158
5160
5162
5163
5168
5170
5175
5176
5177
5178
5181
5182
5183
5184
5185
5187
5188
5189
5190
5194
5197
5198
5200
5201
5206
5207
5208
5209
5213
5214
5216
5219
5220
5225
5226
5230
5231
5233
5235
5237
5240
5242
5243
5245
5246
5247
5249
5252
5253
5257
5258
5259
5261
5262
5263
5264
5266
5267
5271
5272
5274
5277
5279
5281
5282
5283
5284
5285
5288
5289
5290
5292
5293
5294
5295
5296
5297
5298
5302
5304
5306
5310
5311
5314
5315
5317
5318
5320
5321
5326
5327
5328
5329
5330
5331
5332
5333
5336
5338
5339
5341
5346
5348
5353
5354
5355
5356
5359
5362
5363
5364
5366
5368
5370
5373
5375
5378
5379
5381
5386
5388
5389
5391
5394
5396
5398
5399
5401
5403
5405
5408
5412
5413
5414
5416
5423
5424
5429
5430
5432
5433
5434
5437
5438
5439
5440
5443
5444
5445
5446
5450
5451
5454
5457
5458
5460
5464
5466
5473
5474
5475
5476
5478
5479
5482
5484
5487
5488
5489
5491
5492
5499
5500
5503
5504
5506
5508
5509
5510
5511
5514
5516
5519
5521
5522
5524
5527
5528
5530
5531
5532
5536
5539
5540
5542
5544
5545
5548
5550
5553
5554
5555
5558
5560
5562
5567
5569
5571
5574
5575
5576
5578
5579
5581
5584
5585
5587
5591
5592
5593
5594
5599
5600
5602
5604
5606
5607
5609
5610
5612
5613
5615
5618
5619
5621
5622
5623
5624
5625
5626
5627
5628
5629
5632
5634
5635
5637
5639
5640
5641
5642
5644
5645
5646
5647
5649
5651
5654
5655
5657
5658
5659
5660
5661
5663
5664
5665
5666
5667
5668
5670
5671
5673
5675
5676
5677
5678
5679
5680
5681
5682
5685
5686
5688
5691
5694
5695
5696
5698
5699
5701
5705
5706
5708
5709
5710
5711
5714
5716
5718
5720
5723
5724
5725
5726
5730
5731
5732
5735
5739
5742
5744
5745
5747
5748
5749
5751
5754
5761
5762
5763
5765
5767
5769
5770
5772
5775
5778
5779
5780
5783
5785
5788
5793
5794
5796
5797
5799
5800
5802
5803
5804
5805
5806
5807
5808
5811
5813
5814
5815
5816
5818
5820
5821
5825
5826
5828
5829
5830
5831
5832
5833
5836
5837
5838
5841
5842
5843
5844
5848
5849
5851
5860
5862
5864
5867
5870
5872
5873
5875
5878
5879
5880
5883
5885
5886
5887
5888
5890
5891
5893
5894
5895
5901
5903
5904
5905
5906
5907
5908
5911
5914
5916
5921
5922
5923
5924
5926
5928
5930
5933
5934
5936
5938
5939
5942
5943
5947
5948
5951
5952
5954
5956
5960
5961
5966
5969
5970
5971
5974
5975
5976
5985
5986
5987
5989
5991
5992
5993
5994
5997
5998
5999
6000
6002
6004
6005
6009
6010
6012
6013
6014
6015
6018
6025
6029
6032
6036
6038
6039
6042
6043
6044
6046
6048
6049
6051
6052
6056
6059
6060
6062
6063
6064
6065
6066
6071
6073
6074
6075
6081
6084
6085
6086
6088
6089
6091
6093
6094
6095
6096
6097
6099
6100
6101
6107
6108
6109
6111
6114
6115
6116
6117
6118
6120
6121
6123
6125
6126
6127
6134
6140
6141
6148
6150
6151
6157
6158
6160
6164
6166
6168
6170
6173
6176
6177
6178
6179
6181
6185
6187
6190
6191
6194
6197
6200
6201
6204
6207
6212
6214
6218
6219
6225
6226
6227
6228
6229
6233
6234
6235
6236
6239
6240
6241
6243
6245
6246
6248
6249
6251
6254
6255
6256
6257
6259
6260
6261
6263
6265
6267
6269
6270
6273
6274
6275
6277
6278
6284
6285
6292
6294
6295
6296
6297
6298
6301
6303
6309
6310
6312
6316
6317
6318
6319
6320
6321
6322
6324
6325
6328
6332
6334
6337
6338
6340
6341
6343
6347
6348
6351
6352
6360
6362
6363
6365
6371
6374
6378
6380
6382
6383
6387
6388
6389
6390
6393
6395
6398
6400
6401
6402
6404
6405
6408
6409
6411
6412
6414
6415
6416
6419
6422
6424
6425
6426
6429
6433
6434
6437
6439
6440
6441
6448
6449
6450
6451
6454
6457
6459
6460
6463
6465
6466
6467
6468
6470
6471
6473
6474
6477
6478
6480
6482
6485
6486
6489
6495
6496
6497
6500
6501
6503
6508
6513
6514
6515
6516
6519
6520
6524
6526
6531
6533
6541
6542
6543
6546
6547
6548
6549
6552
6553
6554
6556
6559
6564
6566
6568
6571
6573
6576
6579
6580
6581
6584
6586
6587
6589
6590
6592
6593
6594
6595
6598
6599
6602
6603
6611
6614
6616
6617
6618
6620
6622
6623
6630
6633
6634
6637
6640
6641
6642
6645
6646
6647
6648
6653
6660
6661
6663
6664
6666
6667
6668
6671
6673
6674
6675
6676
6678
6680
6681
6683
6687
6688
6689
6691
6693
6695
6696
6700
6701
6702
6704
6707
6708
6710
6711
6713
6715
6719
6722
6723
6724
6725
6726
6727
6734
6736
6738
6739
6740
6741
6745
6746
6747
6749
6751
6752
6755
6757
6758
6760
6765
6766
6767
6769
6770
6772
6773
6776
6781
6789
6790
6793
6795
6796
6798
6799
6801
6802
6804
6805
6806
6809
6810
6811
6812
6814
6816
6817
6818
6819
6820
6822
6827
6828
6830
6833
6835
6836
6839
6840
6842
6844
6845
6846
6847
6848
6849
6853
6856
6857
6858
6859
6860
6861
6863
6865
6866
6868
6869
6870
6871
6875
6877
6884
6886
6887
6888
6890
6892
6895
6896
6897
6899
6901
6902
6903
6905
6906
6908
6909
6918
6919
6921
6922
6923
6924
6925
6926
6929
6931
6932
6934
6937
6940
6941
6944
6947
6948
6951
6954
6955
6956
6958
6959
6964
6966
6967
6968
6975
6978
6979
6980
6985
6987
6988
6990
6991
6992
6994
6995
6996
6997
6999
7000
7001
7006
7007
7008
7009
7013
7017
7018
7019
7020
7021
7022
7025
7027
7030
7033
7034
7035
7037
7038
7039
7044
7045
7046
7047
7049
7051
7053
7054
7055
7057
7063
7064
7065
7066
7067
7070
7071
7073
7074
7075
7079
7080
7083
7085
7089
7091
7092
7094
7095
7096
7097
7099
7101
7102
7103
7104
7114
7117
7119
7120
7121
7123
7124
7125
7126
7128
7129
7131
7137
7138
7140
7141
7142
7148
7150
7151
7153
7156
7157
7158
7161
7162
7163
7164
7165
7167
7169
7170
7171
7172
7174
7176
7177
7179
7181
7182
7183
7186
7188
7190
7191
7195
7198
7199
7200
7201
7202
7203
7204
7206
7207
7208
7209
7211
7213
7215
7216
7221
7223
7226
7232
7234
7235
7242
7244
7246
7248
7249
7251
7254
7258
7263
7265
7266
7267
7270
7272
7273
7274
7276
7277
7278
7281
7282
7283
7284
7286
7287
7289
7290
7291
7293
7294
7295
7297
7299
7300
7301
7302
7304
7305
7306
7307
7309
7310
7311
7312
7313
7314
7315
7321
7323
7324
7328
7332
7337
7338
7339
7343
7345
7348
7351
7352
7355
7358
7359
7361
7362
7364
7368
7369
7370
7371
7373
7374
7376
7377
7380
7386
7387
7396
7397
7398
7400
7401
7403
7407
7413
7414
7415
7416
7417
7421
7425
7428
7429
7430
7431
7433
7434
7437
7438
7440
7447
7449
7451
7452
7453
7455
7457
7458
7459
7461
7463
7466
7467
7468
7469
7470
7475
7476
7477
7479
7480
7481
7483
7485
7486
7487
7491
7492
7494
7495
7496
7499
7506
7507
7509
7510
7513
7515
7516
7517
7520
7521
7524
7525
7526
7527
7528
7529
7534
7538
7541
7543
7544
7545
7546
7548
7552
7553
7554
7557
7558
7560
7561
7563
7564
7565
7566
7568
7570
7574
7575
7577
7579
7582
7584
7586
7589
7591
7597
7599
7601
7604
7605
7606
7609
7611
7614
7616
7619
7621
7624
7625
7626
7628
7629
7630
7631
7632
7637
7638
7642
7643
7644
7645
7651
7653
7654
7656
7658
7660
7661
7665
7666
7667
7671
7672
7673
7674
7675
7676
7679
7681
7683
7684
7686
7688
7690
7693
7694
7697
7698
7699
7701
7702
7703
7704
7705
7708
7709
7710
7712
7716
7717
7718
7722
7723
7726
7729
7730
7732
7734
7737
7738
7741
7742
7744
7745
7747
7748
7749
7751
7752
7753
7754
7760
7765
7767
7768
7771
7772
7773
7775
7777
7781
7783
7784
7790
7791
7792
7793
7795
7796
7797
7799
7800
7802
7803
7805
7806
7809
7811
7812
7813
7814
7817
7818
7821
7822
7823
7825
7831
7832
7833
7834
7836
7837
7838
7843
7844
7846
7847
7849
7850
7852
7857
7859
7860
7861
7863
7865
7867
7868
7870
7873
7875
7877
7878
7879
7883
7886
7888
7889
7892
7894
7895
7897
7898
7899
7900
7901
7903
7905
7907
7908
7910
7911
7913
7914
7915
7919
7920
7923
7925
7927
7928
7929
7931
7934
7936
7937
7940
7941
7942
7943
7949
7950
7952
7958
7960
7964
7965
7966
7967
7968
7970
7972
7973
7976
7977
7979
7982
7983
7987
7988
7990
7997
7999
8002
8007
8009
8011
8012
8013
8016
8018
8019
8020
8022
8023
8024
8028
8029
8031
8032
8033
8034
8035
8037
8039
8040
8041
8043
8047
8049
8052
8053
8054
8055
8057
8062
8064
8065
8067
8068
8069
8075
8076
8077
8079
8080
8081
8084
8085
8087
8088
8089
8091
8095
8099
8100
8102
8103
8104
8105
8111
8113
8116
8120
8121
8122
8124
8126
8128
8131
8134
8135
8142
8143
8146
8147
8148
8150
8151
8152
8153
8156
8157
8159
8160
8162
8166
8167
8168
8172
8173
8175
8176
8180
8186
8187
8188
8189
8190
8193
8195
8197
8199
8200
8201
8202
8203
8204
8205
8208
8209
8211
8212
8213
8216
8218
8219
8221
8224
8227
8228
8229
8230
8231
8232
8236
8237
8240
8241
8242
8246
8250
8251
8254
8255
8259
8260
8262
8263
8264
8266
8267
8269
8270
8271
8272
8275
8279
8281
8282
8286
8287
8292
8294
8296
8302
8303
8305
8307
8309
8310
8312
8313
8315
8317
8319
8320
8322
8323
8325
8327
8328
8330
8331
8333
8334
8335
8337
8343
8344
8347
8349
8352
8357
8361
8362
8364
8365
8367
8369
8372
8378
8382
8383
8384
8385
8392
8393
8398
8400
8401
8405
8406
8407
8409
8411
8413
8415
8416
8418
8419
8422
8423
8425
8426
8428
8432
8434
8435
8439
8440
8441
8442
8444
8445
8449
8452
8455
8459
8460
8461
8462
8463
8464
8466
8468
8472
8474
8475
8476
8478
8479
8480
8483
8484
8486
8488
8490
8493
8497
8499
8500
8505
8506
8507
8509
8512
8514
8520
8522
8524
8526
8530
8531
8532
8536
8537
8538
8539
8547
8548
8549
8551
8553
8554
8557
8562
8566
8568
8569
8570
8571
8574
8576
8579
8585
8586
8589
8590
8591
8593
8597
8598
8599
8602
8603
8604
8608
8611
8612
8613
8614
8615
8617
8618
8622
8623
8625
8626
8627
8628
8629
8635
8638
8639
8640
8642
8643
8644
8646
8647
8649
8650
8651
8652
8654
8655
8660
8665
8669
8670
8671
8672
8673
8674
8675
8679
8680
8684
8686
8687
8692
8693
8694
8695
8697
8698
8700
8701
8704
8705
8707
8708
8709
8710
8713
8714
8718
8719
8720
8721
8722
8723
8725
8727
8728
8729
8733
8735
8737
8738
8739
8740
8743
8745
8746
8751
8756
8757
8760
8766
8767
8768
8769
8770
8773
8774
8777
8778
8779
8780
8781
8782
8786
8788
8789
8790
8792
8794
8796
8797
8799
8803
8804
8806
8807
8808
8809
8812
8814
8815
8816
8817
8819
8820
8826
8827
8832
8833
8836
8839
8841
8843
8844
8845
8846
8850
8851
8853
8857
8858
8859
8861
8862
8863
8868
8869
8875
8877
8878
8881
8882
8883
8884
8888
8889
8890
8893
8896
8897
8900
8902
8905
8907
8912
8913
8914
8916
8918
8920
8921
8928
8929
8935
8936
8939
8941
8942
8943
8945
8946
8947
8948
8949
8950
8951
8952
8954
8955
8956
8959
8960
8962
8963
8964
8965
8969
8975
8976
8977
8978
8979
8981
8982
8987
8991
8992
8995
8998
8999
9000
9002
9003
9012
9015
9017
9024
9026
9027
9030
9031
9033
9035
9036
9037
9038
9040
9041
9044
9046
9047
9049
9050
9051
9054
9058
9062
9063
9064
9065
9067
9069
9074
9079
9082
9083
9085
9090
9091
9095
9097
9098
9100
9105
9109
9111
9113
9114
9115
9116
9122
9125
9126
9128
9129
9131
9133
9135
9137
9138
9140
9141
9142
9144
9145
9147
9149
9152
9153
9154
9158
9159
9161
9162
9165
9166
9167
9169
9170
9172
9173
9175
9176
9177
9179
9181
9184
9185
9190
9191
9192
9193
9195
9196
9198
9199
9201
9203
9204
9205
9206
9210
9213
9215
9218
9219
9221
9222
9223
9227
9228
9232
9233
9238
9239
9241
9242
9243
9245
9247
9248
9249
9251
9252
9253
9256
9259
9260
9262
9264
9265
9267
9269
9274
9278
9280
9283
9285
9286
9287
9289
9294
9295
9296
9303
9304
9305
9306
9307
9308
9309
9310
9312
9313
9316
9317
9318
9320
9322
9325
9327
9328
9334
9335
9337
9340
9344
9347
9349
9350
9354
9356
9360
9361
9362
9363
9364
9366
9367
9368
9369
9373
9377
9378
9379
9382
9383
9384
9385
9388
9390
9391
9392
9394
9396
9400
9403
9406
9408
9412
9413
9414
9415
9417
9418
9419
9421
9425
9426
9427
9430
9431
9432
9433
9434
9435
9440
9442
9443
9444
9447
9450
9451
9452
9453
9455
9456
9457
9458
9459
9460
9462
9468
9469
9472
9475
9476
9477
9478
9482
9483
9484
9485
9486
9487
9488
9489
9490
9492
9493
9495
9498
9500
9502
9503
9505
9510
9516
9517
9521
9525
9528
9531
9532
9533
9534
9535
9536
9537
9540
9541
9543
9544
9547
9550
9551
9552
9553
9555
9556
9560
9563
9566
9569
9570
9574
9575
9576
9582
9583
9586
9591
9592
9594
9599
9602
9603
9604
9609
9611
9613
9614
9616
9619
9624
9625
9627
9629
9631
9632
9634
9636
9637
9642
9643
9645
9646
9647
9650
9654
9657
9659
9662
9664
9665
9666
9667
9669
9671
9672
9673
9674
9676
9679
9681
9683
9692
9693
9694
9696
9697
9698
9699
9700
9701
9702
9703
9706
9707
9709
9715
9717
9718
9721
9723
9725
9726
9727
9731
9734
9735
9737
9738
9740
9742
9744
9746
9747
9749
9751
9752
9754
9759
9761
9764
9765
9766
9768
9770
9772
9773
9774
9775
9776
9779
9784
9785
9786
9787
9788
9791
9793
9794
9796
9797
9800
9802
9803
9804
9806
9808
9811
9813
9815
9816
9819
9822
9828
9830
9831
9832
9835
9836
9837
9839
9843
9844
9845
9846
9849
9851
9852
9853
9854
9857
9858
9859
9862
9866
9867
9868
9869
9870
9871
9872
9874
9878
9879
9883
9886
9887
9888
9889
9891
9895
9897
9898
9899
9904
9905
9909
9911
9913
9915
9917
9918
9919
9920
9929
9931
9932
9934
9938
9939
9941
9942
9943
9944
9945
9947
9951
9952
9955
9958
9959
9961
9963
9964
9965
9969
9971
9972
9973
9974
9976
9977
9978
9980
9981
9983
9986
9991
9992
9993
9997
9999
1
2
4
5
6
8
9
10
11
12
13
14
18
23
25
27
29
31
32
33
34
35
36
38
39
40
42
44
45
46
48
50
52
57
63
64
65
70
71
73
74
75
77
78
79
80
81
84
86
88
89
91
93
94
97
100
101
102
103
104
106
107
109
110
114
115
118
120
122
126
127
128
129
130
132
134
136
137
138
140
142
144
146
147
149
150
152
154
155
156
158
160
163
164
167
169
171
175
180
181
184
186
187
189
191
193
194
195
197
198
201
207
208
212
214
218
222
223
224
228
230
231
232
233
235
236
237
239
241
243
244
249
250
256
260
263
265
271
272
274
276
277
278
281
284
287
289
290
292
294
298
302
304
307
310
311
313
314
317
318
322
323
324
327
328
331
332
333
335
336
339
340
341
342
343
347
350
352
355
356
358
360
361
362
363
365
366
367
370
371
372
375
376
377
378
379
380
381
384
385
387
388
389
391
392
394
395
396
397
400
401
403
405
407
409
412
415
416
420
421
427
433
435
437
438
441
442
444
446
447
448
450
454
458
464
467
470
474
478
479
481
485
486
488
489
490
494
495
496
497
503
504
510
512
515
516
517
519
520
522
523
524
527
528
529
537
538
539
542
543
548
553
554
555
560
562
563
564
566
567
568
572
573
574
575
578
579
580
582
586
590
591
594
597
598
599
603
604
608
610
611
614
616
623
624
625
628
629
631
632
637
639
640
642
644
648
652
654
655
656
657
658
659
660
663
665
666
671
674
677
679
680
685
686
689
690
691
692
693
694
697
698
703
706
707
708
709
711
713
714
717
719
724
726
727
728
733
734
735
737
739
740
742
743
744
745
746
748
751
752
753
754
755
758
761
764
766
767
768
772
773
774
775
777
780
781
783
784
785
786
789
791
792
794
796
801
802
804
807
809
810
811
814
816
817
818
822
823
825
826
827
828
831
833
838
840
841
843
846
847
848
851
853
855
857
859
862
866
871
873
880
885
886
887
889
891
892
893
894
895
896
898
899
904
907
909
911
913
915
916
918
920
921
924
926
927
928
931
935
937
943
946
950
951
953
957
958
962
964
967
968
972
974
975
977
979
980
981
982
985
986
987
988
989
990
993
995
997
1005
1006
1010
1011
1012
1016
1023
1024
1027
1028
1029
1030
1032
1034
1035
1039
1040
1041
1044
1046
1047
1049
1051
1052
1056
1058
1059
1066
1067
1070
1074
1075
1076
1077
1078
1080
1082
1084
1085
1086
1087
1093
1099
1100
1101
1102
1103
1104
1105
1106
1107
1113
1115
1116
1118
1119
1123
1124
1126
1127
1128
1132
1135
1136
1138
1139
1140
1142
1147
1148
1150
1151
1152
1153
1155
1158
1159
1160
1161
1164
1166
1167
1169
1172
1173
1174
1175
1176
1181
1182
1184
1186
1188
1189
1192
1195
1197
1198
1200
1206
1207
1209
1212
1213
1216
1217
1219
1220
1221
1224
1225
1226
1227
1228
1229
1233
1235
1236
1238
1239
1241
1242
1245
1246
1248
1250
1251
1253
1255
1258
1262
1263
1264
1265
1267
1269
1270
1272
1273
1274
1275
1277
1278
1287
1289
1294
1295
1296
1299
1301
1303
1306
1308
1316
1317
1321
1324
1325
1326
1327
1332
1335
1336
1337
1338
1339
1340
1342
1343
1344
1351
1352
1353
1354
1357
1359
1360
1361
1364
1367
1370
1371
1373
1374
1376
1377
1381
1384
1385
1387
1388
1389
1390
1391
1394
1395
1397
1398
1399
1400
1401
1403
1404
1409
1412
1417
1420
1422
1423
1427
1428
1429
1431
1435
1436
1437
1438
1441
1442
1443
1446
1450
1451
1452
1453
1454
1455
1457
1460
1463
1467
1468
1471
1472
1473
1474
1475
1476
1484
1486
1487
1489
1490
1492
1495
1496
1497
1499
1500
1501
1502
1503
1504
1505
1506
1507
1509
1510
1511
1513
1514
1520
1522
1523
1525
1530
1533
1534
1536
1539
1542
1544
1548
1551
1552
1553
1556
1560
1562
1563
1567
1569
1571
1573
1574
1579
1580
1581
1582
1583
1584
1585
1587
1588
1589
1590
1591
1592
1595
1597
1598
1602
1603
1604
1606
1608
1609
1612
1613
1614
1615
1617
1620
1623
1625
1626
1627
1628
1634
1635
1636
1639
1640
1641
1642
1644
1646
1648
1650
1651
1653
1655
1657
1661
1664
1665
1667
1668
1669
1671
1672
1673
1675
1676
1680
1681
1682
1683
1684
1686
1687
1688
1689
1691
1692
1693
1696
1698
1700
1704
1705
1706
1710
1711
1713
1714
1718
1719
1720
1721
1723
1725
1726
1727
1729
1730
1732
1736
1738
1741
1745
1747
1750
1752
1753
1754
1755
1758
1759
1760
1762
1763
1765
1766
1770
1771
1773
1774
1775
1777
1778
1779
1782
1785
1786
1791
1792
1794
1796
1797
1800
1802
1804
1805
1806
1807
1809
1810
1811
1813
1814
1815
1816
1818
1820
1821
1823
1824
1825
1826
1829
1830
1832
1834
1836
1840
1842
1844
1847
1849
1851
1854
1855
1857
1861
1862
1863
1865
1867
1869
1871
1873
1875
1876
1879
1880
1881
1883
1884
1889
1894
1895
1898
1901
1902
1904
1905
1907
1908
1912
1914
1915
1917
1919
1921
1922
1925
1928
1929
1930
1933
1934
1941
1944
1945
1946
1947
1948
1950
1952
1953
1954
1958
1965
1968
1969
1970
1972
1973
1974
1975
1981
1983
1984
1988
1993
1995
1996
1998
2001
2003
2004
2006
2009
2010
2011
2014
2015
2017
2019
2020
2023
2024
2026
2027
2030
2033
2035
2039
2041
2042
2046
2048
2051
2053
2054
2057
2060
2061
2062
2064
2065
2066
2067
2069
2070
2071
2072
2073
2074
2081
2084
2088
2093
2094
2097
2098
2099
2100
2102
2104
2107
2108
2109
2110
2112
2118
2121
2122
2124
2128
2130
2139
2141
2143
2144
2152
2153
2154
2156
2159
2160
2163
2165
2173
2174
2175
2179
2183
2186
2187
2188
2190
2191
2192
2196
2197
2198
2199
2201
2206
2207
2209
2210
2212
2213
2215
2216
2218
2219
2221
2224
2227
2231
2232
2238
2241
2248
2249
2250
2251
2256
2261
2262
2266
2267
2270
2272
2273
2276
2277
2278
2279
2284
2285
2286
2287
2288
2289
2291
2293
2295
2297
2301
2304
2305
2306
2307
2309
2310
2311
2312
2314
2315
2317
2319
2320
2323
2325
2331
2333
2334
2335
2338
2339
2340
2341
2342
2344
2346
2348
2352
2356
2357
2358
2362
2363
2365
2368
2369
2370
2371
2373
2375
2380
2382
2383
2385
2387
2390
2394
2397
2399
2401
2403
2404
2406
2407
2408
2409
2410
2412
2413
2414
2415
2416
2418
2420
2426
2427
2428
2429
2430
2431
2432
2436
2439
2440
2441
2443
2444
2446
2448
2449
2450
2455
2456
2461
2463
2466
2467
2468
2469
2470
2471
2473
2475
2477
2479
2480
2481
2482
2484
2485
2487
2488
2489
2493
2494
2497
2498
2499
2500
2502
2503
2504
2506
2507
2508
2509
2513
2515
2520
2521
2525
2526
2527
2529
2531
2532
2533
2537
2538
2539
2546
2547
2548
2550
2552
2553
2555
2557
2558
2559
2561
2562
2563
2565
2568
2570
2571
2576
2578
2579
2581
2585
2590
2591
2592
2594
2596
2598
2600
2603
2604
2605
2609
2611
2614
2616
2619
2620
2621
2622
2624
2625
2627
2629
2630
2632
2633
2636
2637
2639
2643
2644
2649
2652
2654
2657
2659
2662
2663
2667
2669
2670
2672
2673
2675
2676
2678
2679
2680
2683
2684
2685
2688
2692
2693
2694
2697
2701
2703
2706
2707
2708
2709
2711
2712
2713
2714
2715
2717
2719
2720
2722
2725
2726
2727
2729
2730
2734
2735
2736
2737
2740
2741
2743
2744
2745
2746
2749
2752
2755
2757
2758
2761
2762
2764
2766
2768
2769
2771
2773
2775
2776
2778
2781
2783
2784
2785
2786
2787
2791
2794
2795
2796
2797
2798
2802
2806
2807
2809
2810
2811
2812
2813
2814
2815
2816
2818
2823
2825
2826
2827
2829
2831
2832
2833
2835
2836
2837
2838
2845
2848
2851
2854
2855
2856
2857
2858
2862
2863
2868
2870
2871
2873
2874
2875
2876
2878
2879
2880
2882
2884
2889
2891
2892
2893
2894
2896
2897
2898
2899
2901
2902
2904
2905
2906
2907
2910
2912
2913
2914
2916
2919
2920
2921
2922
2923
2926
2929
2931
2932
2939
2941
2942
2946
2949
2950
2951
2952
2953
2954
2956
2957
2958
2960
2962
2968
2970
2972
2974
2975
2976
2978
2979
2980
2982
2983
2984
2985
2987
2989
2990
2992
2995
2996
2997
2998
2999
3002
3004
3005
3007
3008
3010
3013
3016
3023
3025
3026
3030
3033
3034
3036
3038
3040
3045
3046
3047
3050
3051
3052
3055
3060
3061
3065
3068
3069
3070
3071
3074
3075
3076
3080
3082
3084
3085
3086
3087
3088
3090
3091
3092
3095
3097
3098
3099
3100
3102
3106
3107
3108
3111
3112
3113
3115
3116
3119
3120
3121
3122
3124
3125
3126
3127
3129
3130
3134
3136
3140
3143
3146
3147
3148
3151
3152
3154
3155
3157
3163
3166
3168
3170
3172
3176
3180
3181
3182
3184
3188
3189
3191
3193
3194
3195
3198
3200
3205
3208
3209
3212
3213
3215
3218
3219
3221
3222
3223
3234
3237
3238
3241
3242
3243
3244
3245
3246
3247
3252
3255
3258
3259
3262
3265
3266
3267
3269
3275
3276
3277
3279
3283
3284
3286
3289
3290
3291
3292
3293
3294
3296
3298
3299
3302
3303
3304
3305
3306
3307
3309
3310
3311
3318
3320
3324
3327
3328
3331
3334
3335
3339
3342
3343
3344
3345
3349
3353
3355
3357
3359
3360
3361
3362
3365
3367
3369
3373
3374
3376
3379
3381
3383
3384
3387
3389
3394
3397
3398
3399
3403
3404
3406
3408
3410
3412
3414
3415
3416
3417
3422
3424
3426
3428
3429
3431
3433
3435
3437
3439
3441
3442
3444
3445
3446
3447
3449
3450
3451
3452
3453
3457
3459
3461
3462
3463
3465
3466
3468
3470
3474
3476
3478
3480
3482
3485
3486
3487
3489
3491
3492
3497
3499
3502
3505
3506
3509
3512
3513
3515
3516
3521
3523
3524
3525
3527
3528
3529
3531
3532
3533
3536
3537
3539
3544
3545
3547
3548
3551
3553
3554
3555
3556
3559
3562
3563
3564
3566
3567
3569
3571
3572
3576
3578
3580
3581
3582
3583
3584
3585
3586
3587
3590
3592
3593
3595
3597
3599
3600
3606
3608
3614
3617
3619
3620
3621
3622
3623
3627
3630
3631
3632
3636
3640
3641
3643
3645
3647
3648
3649
3650
3651
3652
3655
3657
3658
3660
3663
3664
3665
3666
3672
3673
3678
3679
3684
3685
3686
3687
3688
3690
3691
3693
3697
3699
3700
3701
3709
3710
3711
3712
3713
3715
3716
3717
3718
3719
3720
3722
3724
3726
3728
3731
3732
3736
3738
3740
3741
3742
3743
3745
3746
3747
3748
3752
3753
3754
3757
3758
3761
3763
3764
3765
3766
3772
3774
3778
3779
3780
3781
3784
3786
3787
3788
3789
3790
3792
3793
3794
3797
3800
3802
3803
3808
3809
3810
3814
3815
3817
3819
3821
3822
3823
3826
3828
3829
3832
3833
3834
3835
3837
3838
3839
3841
3844
3845
3846
3849
3851
3855
3856
3857
3859
3862
3863
3864
3865
3866
3869
3870
3871
3872
3873
3876
3878
3879
3881
3882
3884
3887
3889
3890
3891
3894
3896
3899
3902
3903
3905
3909
3912
3913
3915
3916
3920
3921
3923
3924
3928
3929
3931
3937
3938
3941
3946
3948
3949
3951
3953
3954
3968
3970
3971
3974
3977
3978
3979
3982
3983
3984
3985
3986
3987
3989
3992
3995
3996
3999
4000
4003
4006
4007
4011
4012
4016
4018
4020
4021
4022
4023
4024
4025
4026
4031
4034
4035
4037
4038
4040
4043
4044
4045
4046
4047
4048
4053
4055
4056
4057
4059
4063
4065
4067
4068
4069
4070
4072
4074
4075
4076
4077
4079
4081
4082
4084
4085
4087
4088
4090
4095
4098
4100
4104
4112
4115
4117
4118
4120
4124
4128
4129
4132
4133
4134
4137
4139
4140
4141
4142
4143
4145
4147
4150
4153
4154
4157
4159
4161
4163
4164
4165
4166
4169
4171
4172
4174
4175
4176
4177
4178
4179
4181
4183
4184
4185
4186
4187
4188
4192
4196
4198
4200
4203
4204
4205
4206
4209
4210
4214
4215
4217
4218
4221
4224
4225
4227
4228
4229
4231
4237
4238
4240
4241
4243
4244
4247
4248
4249
4251
4255
4257
4258
4260
4261
4262
4263
4264
4265
4266
4270
4272
4275
4276
4277
4282
4283
4284
4285
4286
4287
4290
4291
4292
4293
4294
4295
4296
4297
4299
4300
4304
4306
4307
4309
4310
4312
4315
4322
4324
4329
4330
4332
4333
4334
4335
4338
4340
4341
4342
4345
4347
4348
4350
4351
4354
4355
4357
4358
4359
4360
4361
4364
4365
4368
4369
4371
4374
4376
4378
4379
4380
4381
4384
4385
4386
4387
4388
4390
4391
4393
4395
4396
4400
4402
4403
4404
4407
4409
4410
4411
4414
4415
4416
4417
4420
4426
4430
4434
4435
4436
4437
4438
4439
4441
4442
4446
4448
4451
4452
4455
4456
4461
4465
4466
4467
4469
4472
4473
4474
4476
4477
4480
4481
4483
4484
4485
4489
4490
4492
4494
4497
4505
4508
4509
4512
4517
4520
4521
4524
4525
4526
4528
4529
4530
4531
4532
4534
4535
4538
4539
4540
4542
4543
4544
4545
4549
4552
4553
4556
4557
4559
4561
4562
4569
4571
4574
4577
4578
4579
4581
4582
4583
4585
4586
4588
4589
4590
4591
4592
4596
4597
4603
4609
4614
4617
4626
4627
4628
4632
4640
4641
4642
4643
4644
4645
4650
4651
4660
4666
4667
4668
4669
4672
4677
4678
4680
4681
4683
4685
4686
4687
4689
4690
4691
4692
4694
4696
4697
4702
4708
4709
4713
4715
4716
4717
4718
4724
4725
4726
4729
4730
4732
4734
4735
4738
4739
4740
4741
4744
4746
4749
4752
4754
4755
4756
4757
4760
4764
4767
4768
4769
4770
4771
4772
4774
4775
4778
4779
4783
4785
4786
4788
4794
4796
4798
4803
4805
4806
4807
4808
4809
4812
4815
4816
4820
4821
4824
4825
4826
4827
4832
4834
4835
4836
4837
4838
4839
4841
4842
4845
4846
4847
4851
4852
4853
4854
4856
4860
4861
4862
4863
4864
4866
4867
4868
4869
4872
4874
4877
4878
4879
4881
4882
4883
4884
4885
4891
4895
4896
4898
4900
4901
4902
4903
4904
4905
4906
4907
4908
4909
4910
4912
4914
4917
4918
4919
4921
4922
4926
4928
4929
4930
4932
4933
4936
4938
4939
4943
4944
4946
4947
4950
4953
4955
4957
4958
4962
4965
4966
4967
4970
4973
4974
4979
4981
4982
4983
4986
4988
4990
4992
4994
4997
4999
5000
5002
5004
5005
5006
5007
5011
5012
5015
5016
5017
5018
5019
5026
5028
5031
5033
5034
5035
5036
5038
5041
5042
5047
5050
5051
5053
5054
5055
5066
5068
5069
5072
5077
5082
5083
5088
5089
5090
5091
5093
5094
5095
5096
5097
5099
5103
5104
5105
5106
5109
5114
5115
5116
5117
5120
5122
5124
5126
5127
5128
5131
5134
5136
5138
5139
5140
5142
5144
5145
5147
5148
5150
5151
5152
5156
5159
5161
5164
5165
5166
5167
5169
5171
5172
5173
5174
5179
5180
5186
5191
5192
5193
5195
5196
5199
5202
5203
5204
5205
5210
5211
5212
5215
5217
5218
5221
5222
5223
5224
5227
5228
5229
5232
5234
5236
5238
5239
5241
5244
5248
5250
5251
5254
5255
5256
5260
5265
5268
5269
5270
5273
5275
5276
5278
5280
5286
5287
5291
5299
5300
5301
5303
5305
5307
5308
5309
5312
5313
5316
5319
5322
5323
5324
5325
5334
5335
5337
5340
5342
5343
5344
5345
5347
5349
5350
5351
5352
5357
5358
5360
5361
5365
5367
5369
5371
5372
5374
5376
5377
5380
5382
5383
5384
5385
5387
5390
5392
5393
5395
5397
5400
5402
5404
5406
5407
5409
5410
5411
5415
5417
5418
5419
5420
5421
5422
5425
5426
5427
5428
5431
5435
5436
5441
5442
5447
5448
5449
5452
5453
5455
5456
5459
5461
5462
5463
5465
5467
5468
5469
5470
5471
5472
5477
5480
5481
5483
5485
5486
5490
5493
5494
5495
5496
5497
5498
5501
5502
5505
5507
5512
5513
5515
5517
5518
5520
5523
5525
5526
5529
5533
5534
5535
5537
5538
5541
5543
5546
5547
5549
5551
5552
5556
5557
5559
5561
5563
5564
5565
5566
5568
5570
5572
5573
5577
5580
5582
5583
5586
5588
5589
5590
5595
5596
5597
5598
5601
5603
5605
5608
5611
5614
5616
5617
5620
5630
5631
5633
5636
5638
5643
5648
5650
5652
5653
5656
5662
5669
5672
5674
5683
5684
5687
5689
5690
5692
5693
5697
5700
5702
5703
5704
5707
5712
5713
5715
5717
5719
5721
5722
5727
5728
5729
5733
5734
5736
5737
5738
5740
5741
5743
5746
5750
5752
5753
5755
5756
5757
5758
5759
5760
5764
5766
5768
5771
5773
5774
5776
5777
5781
5782
5784
5786
5787
5789
5790
5791
5792
5795
5798
5801
5809
5810
5812
5817
5819
5822
5823
5824
5827
5834
5835
5839
5840
5845
5846
5847
5850
5852
5853
5854
5855
5856
5857
5858
5859
5861
5863
5865
5866
5868
5869
5871
5874
5876
5877
5881
5882
5884
5889
5892
5896
5897
5898
5899
5900
5902
5909
5910
5912
5913
5915
5917
5918
5919
5920
5925
5927
5929
5931
5932
5935
5937
5940
5941
5944
5945
5946
5949
5950
5953
5955
5957
5958
5959
5962
5963
5964
5965
5967
5968
5972
5973
5977
5978
5979
5980
5981
5982
5983
5984
5988
5990
5995
5996
6001
6003
6006
6007
6008
6011
6016
6017
6019
6020
6021
6022
6023
6024
6026
6027
6028
6030
6031
6033
6034
6035
6037
6040
6041
6045
6047
6050
6053
6054
6055
6057
6058
6061
6067
6068
6069
6070
6072
6076
6077
6078
6079
6080
6082
6083
6087
6090
6092
6098
6102
6103
6104
6105
6106
6110
6112
6113
6119
6122
6124
6128
6129
6130
6131
6132
6133
6135
6136
6137
6138
6139
6142
6143
6144
6145
6146
6147
6149
6152
6153
6154
6155
6156
6159
6161
6162
6163
6165
6167
6169
6171
6172
6174
6175
6180
6182
6183
6184
6186
6188
6189
6192
6193
6195
6196
6198
6199
6202
6203
6205
6206
6208
6209
6210
6211
6213
6215
6216
6217
6220
6221
6222
6223
6224
6230
6231
6232
6237
6238
6242
6244
6247
6250
6252
6253
6258
6262
6264
6266
6268
6271
6272
6276
6279
6280
6281
6282
6283
6286
6287
6288
6289
6290
6291
6293
6299
6300
6302
6304
6305
6306
6307
6308
6311
6313
6314
6315
6323
6326
6327
6329
6330
6331
6333
6335
6336
6339
6342
6344
6345
6346
6349
6350
6353
6354
6355
6356
6357
6358
6359
6361
6364
6366
6367
6368
6369
6370
6372
6373
6375
6376
6377
6379
6381
6384
6385
6386
6391
6392
6394
6396
6397
6399
6403
6406
6407
6410
6413
6417
6418
6420
6421
6423
6427
6428
6430
6431
6432
6435
6436
6438
6442
6443
6444
6445
6446
6447
6452
6453
6455
6456
6458
6461
6462
6464
6469
6472
6475
6476
6479
6481
6483
6484
6487
6488
6490
6491
6492
6493
6494
6498
6499
6502
6504
6505
6506
6507
6509
6510
6511
6512
6517
6518
6521
6522
6523
6525
6527
6528
6529
6530
6532
6534
6535
6536
6537
6538
6539
6540
6544
6545
6550
6551
6555
6557
6558
6560
6561
6562
6563
6565
6567
6569
6570
6572
6574
6575
6577
6578
6582
6583
6585
6588
6591
6596
6597
6600
6601
6604
6605
6606
6607
6608
6609
6610
6612
6613
6615
6619
6621
6624
6625
6626
6627
6628
6629
6631
6632
6635
6636
6638
6639
6643
6644
6649
6650
6651
6652
6654
6655
6656
6657
6658
6659
6662
6665
6669
6670
6672
6677
6679
6682
6684
6685
6686
6690
6692
6694
6697
6698
6699
6703
6705
6706
6709
6712
6714
6716
6717
6718
6720
6721
6728
6729
6730
6731
6732
6733
6735
6737
6742
6743
6744
6748
6750
6753
6754
6756
6759
6761
6762
6763
6764
6768
6771
6774
6775
6777
6778
6779
6780
6782
6783
6784
6785
6786
6787
6788
6791
6792
6794
6797
6800
6803
6807
6808
6813
6815
6821
6823
6824
6825
6826
6829
6831
6832
6834
6837
6838
6841
6843
6850
6851
6852
6854
6855
6862
6864
6867
6872
6873
6874
6876
6878
6879
6880
6881
6882
6883
6885
6889
6891
6893
6894
6898
6900
6904
6907
6910
6911
6912
6913
6914
6915
6916
6917
6920
6927
6928
6930
6933
6935
6936
6938
6939
6942
6943
6945
6946
6949
6950
6952
6953
6957
6960
6961
6962
6963
6965
6969
6970
6971
6972
6973
6974
6976
6977
6981
6982
6983
6984
6986
6989
6993
6998
7002
7003
7004
7005
7010
7011
7012
7014
7015
7016
7023
7024
7026
7028
7029
7031
7032
7036
7040
7041
7042
7043
7048
7050
7052
7056
7058
7059
7060
7061
7062
7068
7069
7072
7076
7077
7078
7081
7082
7084
7086
7087
7088
7090
7093
7098
7100
7105
7106
7107
7108
7109
7110
7111
7112
7113
7115
7116
7118
7122
7127
7130
7132
7133
7134
7135
7136
7139
7143
7144
7145
7146
7147
7149
7152
7154
7155
7159
7160
7166
7168
7173
7175
7178
7180
7184
7185
7187
7189
7192
7193
7194
7196
7197
7205
7210
7212
7214
7217
7218
7219
7220
7222
7224
7225
7227
7228
7229
7230
7231
7233
7236
7237
7238
7239
7240
7241
7243
7245
7247
7250
7252
7253
7255
7256
7257
7259
7260
7261
7262
7264
7268
7269
7271
7275
7279
7280
7285
7288
7292
7296
7298
7303
7308
7316
7317
7318
7319
7320
7322
7325
7326
7327
7329
7330
7331
7333
7334
7335
7336
7340
7341
7342
7344
7346
7347
7349
7350
7353
7354
7356
7357
7360
7363
7365
7366
7367
7372
7375
7378
7379
7381
7382
7383
7384
7385
7388
7389
7390
7391
7392
7393
7394
7395
7399
7402
7404
7405
7406
7408
7409
7410
7411
7412
7418
7419
7420
7422
7423
7424
7426
7427
7432
7435
7436
7439
7441
7442
7443
7444
7445
7446
7448
7450
7454
7456
7460
7462
7464
7465
7471
7472
7473
7474
7478
7482
7484
7488
7489
7490
7493
7497
7498
7500
7501
7502
7503
7504
7505
7508
7511
7512
7514
7518
7519
7522
7523
7530
7531
7532
7533
7535
7536
7537
7539
7540
7542
7547
7549
7550
7551
7555
7556
7559
7562
7567
7569
7571
7572
7573
7576
7578
7580
7581
7583
7585
7587
7588
7590
7592
7593
7594
7595
7596
7598
7600
7602
7603
7607
7608
7610
7612
7613
7615
7617
7618
7620
7622
7623
7627
7633
7634
7635
7636
7639
7640
7641
7646
7647
7648
7649
7650
7652
7655
7657
7659
7662
7663
7664
7668
7669
7670
7677
7678
7680
7682
7685
7687
7689
7691
7692
7695
7696
7700
7706
7707
7711
7713
7714
7715
7719
7720
7721
7724
7725
7727
7728
7731
7733
7735
7736
7739
7740
7743
7746
7750
7755
7756
7757
7758
7759
7761
7762
7763
7764
7766
7769
7770
7774
7776
7778
7779
7780
7782
7785
7786
7787
7788
7789
7794
7798
7801
7804
7807
7808
7810
7815
7816
7819
7820
7824
7826
7827
7828
7829
7830
7835
7839
7840
7841
7842
7845
7848
7851
7853
7854
7855
7856
7858
7862
7864
7866
7869
7871
7872
7874
7876
7880
7881
7882
7884
7885
7887
7890
7891
7893
7896
7902
7904
7906
7909
7912
7916
7917
7918
7921
7922
7924
7926
7930
7932
7933
7935
7938
7939
7944
7945
7946
7947
7948
7951
7953
7954
7955
7956
7957
7959
7961
7962
7963
7969
7971
7974
7975
7978
7980
7981
7984
7985
7986
7989
7991
7992
7993
7994
7995
7996
7998
8000
8001
8003
8004
8005
8006
8008
8010
8014
8015
8017
8021
8025
8026
8027
8030
8036
8038
8042
8044
8045
8046
8048
8050
8051
8056
8058
8059
8060
8061
8063
8066
8070
8071
8072
8073
8074
8078
8082
8083
8086
8090
8092
8093
8094
8096
8097
8098
8101
8106
8107
8108
8109
8110
8112
8114
8115
8117
8118
8119
8123
8125
8127
8129
8130
8132
8133
8136
8137
8138
8139
8140
8141
8144
8145
8149
8154
8155
8158
8161
8163
8164
8165
8169
8170
8171
8174
8177
8178
8179
8181
8182
8183
8184
8185
8191
8192
8194
8196
8198
8206
8207
8210
8214
8215
8217
8220
8222
8223
8225
8226
8233
8234
8235
8238
8239
8243
8244
8245
8247
8248
8249
8252
8253
8256
8257
8258
8261
8265
8268
8273
8274
8276
8277
8278
8280
8283
8284
8285
8288
8289
8290
8291
8293
8295
8297
8298
8299
8300
8301
8304
8306
8308
8311
8314
8316
8318
8321
8324
8326
8329
8332
8336
8338
8339
8340
8341
8342
8345
8346
8348
8350
8351
8353
8354
8355
8356
8358
8359
8360
8363
8366
8368
8370
8371
8373
8374
8375
8376
8377
8379
8380
8381
8386
8387
8388
8389
8390
8391
8394
8395
8396
8397
8399
8402
8403
8404
8408
8410
8412
8414
8417
8420
8421
8424
8427
8429
8430
8431
8433
8436
8437
8438
8443
8446
8447
8448
8450
8451
8453
8454
8456
8457
8458
8465
8467
8469
8470
8471
8473
8477
8481
8482
8485
8487
8489
8491
8492
8494
8495
8496
8498
8501
8502
8503
8504
8508
8510
8511
8513
8515
8516
8517
8518
8519
8521
8523
8525
8527
8528
8529
8533
8534
8535
8540
8541
8542
8543
8544
8545
8546
8550
8552
8555
8556
8558
8559
8560
8561
8563
8564
8565
8567
8572
8573
8575
8577
8578
8580
8581
8582
8583
8584
8587
8588
8592
8594
8595
8596
8600
8601
8605
8606
8607
8609
8610
8616
8619
8620
8621
8624
8630
8631
8632
8633
8634
8636
8637
8641
8645
8648
8653
8656
8657
8658
8659
8661
8662
8663
8664
8666
8667
8668
8676
8677
8678
8681
8682
8683
8685
8688
8689
8690
8691
8696
8699
8702
8703
8706
8711
8712
8715
8716
8717
8724
8726
8730
8731
8732
8734
8736
8741
8742
8744
8747
8748
8749
8750
8752
8753
8754
8755
8758
8759
8761
8762
8763
8764
8765
8771
8772
8775
8776
8783
8784
8785
8787
8791
8793
8795
8798
8800
8801
8802
8805
8810
8811
8813
8818
8821
8822
8823
8824
8825
8828
8829
8830
8831
8834
8835
8837
8838
8840
8842
8847
8848
8849
8852
8854
8855
8856
8860
8864
8865
8866
8867
8870
8871
8872
8873
8874
8876
8879
8880
8885
8886
8887
8891
8892
8894
8895
8898
8899
8901
8903
8904
8906
8908
8909
8910
8911
8915
8917
8919
8922
8923
8924
8925
8926
8927
8930
8931
8932
8933
8934
8937
8938
8940
8944
8953
8957
8958
8961
8966
8967
8968
8970
8971
8972
8973
8974
8980
8983
8984
8985
8986
8988
8989
8990
8993
8994
8996
8997
9001
9004
9005
9006
9007
9008
9009
9010
9011
9013
9014
9016
9018
9019
9020
9021
9022
9023
9025
9028
9029
9032
9034
9039
9042
9043
9045
9048
9052
9053
9055
9056
9057
9059
9060
9061
9066
9068
9070
9071
9072
9073
9075
9076
9077
9078
9080
9081
9084
9086
9087
9088
9089
9092
9093
9094
9096
9099
9101
9102
9103
9104
9106
9107
9108
9110
9112
9117
9118
9119
9120
9121
9123
9124
9127
9130
9132
9134
9136
9139
9143
9146
9148
9150
9151
9155
9156
9157
9160
9163
9164
9168
9171
9174
9178
9180
9182
9183
9186
9187
9188
9189
9194
9197
9200
9202
9207
9208
9209
9211
9212
9214
9216
9217
9220
9224
9225
9226
9229
9230
9231
9234
9235
9236
9237
9240
9244
9246
9250
9254
9255
9257
9258
9261
9263
9266
9268
9270
9271
9272
9273
9275
9276
9277
9279
9281
9282
9284
9288
9290
9291
9292
9293
9297
9298
9299
9300
9301
9302
9311
9314
9315
9319
9321
9323
9324
9326
9329
9330
9331
9332
9333
9336
9338
9339
9341
9342
9343
9345
9346
9348
9351
9352
9353
9355
9357
9358
9359
9365
9370
9371
9372
9374
9375
9376
9380
9381
9386
9387
9389
9393
9395
9397
9398
9399
9401
9402
9404
9405
9407
9409
9410
9411
9416
9420
9422
9423
9424
9428
9429
9436
9437
9438
9439
9441
9445
9446
9448
9449
9454
9461
9463
9464
9465
9466
9467
9470
9471
9473
9474
9479
9480
9481
9491
9494
9496
9497
9499
9501
9504
9506
9507
9508
9509
9511
9512
9513
9514
9515
9518
9519
9520
9522
9523
9524
9526
9527
9529
9530
9538
9539
9542
9545
9546
9548
9549
9554
9557
9558
9559
9561
9562
9564
9565
9567
9568
9571
9572
9573
9577
9578
9579
9580
9581
9584
9585
9587
9588
9589
9590
9593
9595
9596
9597
9598
9600
9601
9605
9606
9607
9608
9610
9612
9615
9617
9618
9620
9621
9622
9623
9626
9628
9630
9633
9635
9638
9639
9640
9641
9644
9648
9649
9651
9652
9653
9655
9656
9658
9660
9661
9663
9668
9670
9675
9677
9678
9680
9682
9684
9685
9686
9687
9688
9689
9690
9691
9695
9704
9705
9708
9710
9711
9712
9713
9714
9716
9719
9720
9722
9724
9728
9729
9730
9732
9733
9736
9739
9741
9743
9745
9748
9750
9753
9755
9756
9757
9758
9760
9762
9763
9767
9769
9771
9777
9778
9780
9781
9782
9783
9789
9790
9792
9795
9798
9799
9801
9805
9807
9809
9810
9812
9814
9817
9818
9820
9821
9823
9824
9825
9826
9827
9829
9833
9834
9838
9840
9841
9842
9847
9848
9850
9855
9856
9860
9861
9863
9864
9865
9873
9875
9876
9877
9880
9881
9882
9884
9885
9890
9892
9893
9894
9896
9900
9901
9902
9903
9906
9907
9908
9910
9912
9914
9916
9921
9922
9923
9924
9925
9926
9927
9928
9930
9933
9935
9936
9937
9940
9946
9948
9949
9950
9953
9954
9956
9957
9960
9962
9966
9967
9968
9970
9975
9979
9982
9984
9985
9987
9988
9989
9990
9994
9995
9996
9998
10000
